[cam_0]
name = "A"
size = [ 1280, 720,]
matrix = [ [ 266.9982512267895, 0.0, 639.5,], [ 0.0, 266.9982512267895, 359.5,], [ 0.0, 0.0, 1.0,],]
distortions = [ 0.14554001920392512, 0.0, 0.0, 0.0,]
rotation = [ 0.025616668622191283, 0.05551127522674876, -0.00031441739564993593,]
translation = [ -73.09948726008862, 21.934158598764654, -236.5141687291435,]
fisheye = true

[cam_1]
name = "B"
size = [ 1280, 720,]
matrix = [ [ 335.28760311778876, 0.0, 639.5,], [ 0.0, 335.28760311778876, 359.5,], [ 0.0, 0.0, 1.0,],]
distortions = [ -0.35186882905694966, 0.0, 0.0, 0.0,]
rotation = [ -0.0414159801012284, -0.8122582409917427, 0.02622824381305648,]
translation = [ 139.31895013147036, 6.973248171664249, -204.885980371496,]
fisheye = true

[cam_2]
name = "C"
size = [ 1280, 720,]
matrix = [ [ 248.35314390743866, 0.0, 639.5,], [ 0.0, 248.35314390743866, 359.5,], [ 0.0, 0.0, 1.0,],]
distortions = [ -0.013979648063926276, 0.0, 0.0, 0.0,]
rotation = [ 0.12341289733856615, 0.6728202366013518, -0.017297711616548965,]
translation = [ -200.4691788825512, 42.77077822147346, -140.17809890074346,]
fisheye = true

[metadata]
