[cam_0]
name = "A"
size = [ 1280, 720,]
matrix = [ [ 271.3024584328832, 0.0, 639.5,], [ 0.0, 271.3024584328832, 359.5,], [ 0.0, 0.0, 1.0,],]
distortions = [ -0.1790730068775802, 0.0, 0.0, 0.0,]
rotation = [ 0.07636545340084697, 0.09591745495635044, 0.13708978010826442,]
translation = [ -39.68430623921593, 17.27760226250109, -215.2154632721937,]
fisheye = true

[cam_1]
name = "B"
size = [ 1280, 720,]
matrix = [ [ 358.1331553100897, 0.0, 639.5,], [ 0.0, 358.1331553100897, 359.5,], [ 0.0, 0.0, 1.0,],]
distortions = [ -0.6383157079010965, 0.0, 0.0, 0.0,]
rotation = [ -0.06911467232360731, -0.8507774995305329, 0.1636598235531567,]
translation = [ 183.18640380645041, 2.629212855151709, -101.32349452641903,]
fisheye = true

[cam_2]
name = "C"
size = [ 1280, 720,]
matrix = [ [ 247.38693011866124, 0.0, 639.5,], [ 0.0, 247.38693011866124, 359.5,], [ 0.0, 0.0, 1.0,],]
distortions = [ -0.09380989710879856, 0.0, 0.0, 0.0,]
rotation = [ 0.2357845864757957, 0.8576705293404473, 0.09945995415399903,]
translation = [ -196.5770637193825, 32.518261946415606, -48.035081649270204,]
fisheye = true

[metadata]
